A=[1500 1700 1900; 25 33 42; 100 120 160]
b=[106000; 2170; 8200]
x=A\b